1.254198738
1.253989395
1.254283700
1.254251764
1.253841844
1.254068802
1.254134272
1.254107993
1.254261254
1.254027329
1.254012124
1.254099335
1.254251188
1.254251278
1.254018542
1.254018308
1.253989507
1.254052209
1.254021483
1.254021393
1.254015974
1.254474411
1.254331229
1.254439622
1.254461219
1.254470021
1.254458686
1.254453891
1.254462614
1.254462708
1.254211957
1.254316588
1.254463284
1.254463481
1.254430153
1.254430423
1.254344548
1.254270324
1.254331875
1.254376160
1.254329350
1.254494477
1.254116090
1.254116198
1.254333152
1.254329446
1.254487443
1.254115982
1.254474623
1.253674936
1.253675369
1.253674611
1.253674719
1.254465287
1.254408811
1.254367858
